,date,open,high,low,close,volume
0,2025-05-13 22:00:00,104342.7,104432.03,104100.0,104128.5,502.72511
1,2025-05-13 23:00:00,104128.5,104285.66,103869.01,104103.72,555.94433
2,2025-05-14 00:00:00,104103.72,104115.86,103763.85,103920.76,1038.59479
3,2025-05-14 01:00:00,103920.77,104082.71,103700.0,103734.82,1074.76281
4,2025-05-14 02:00:00,103734.81,103786.21,103496.82,103713.27,481.61389
5,2025-05-14 03:00:00,103713.27,103777.78,103453.26,103587.44,415.74688
6,2025-05-14 04:00:00,103587.44,103842.98,103471.36,103743.02,427.81934
7,2025-05-14 05:00:00,103743.02,103971.0,103687.13,103896.71,506.88636
8,2025-05-14 06:00:00,103896.7,103952.39,103662.82,103757.5,381.32265
9,2025-05-14 07:00:00,103757.5,103800.0,103381.02,103716.55,786.22564
10,2025-05-14 08:00:00,103716.55,103888.0,103187.0,103200.0,1056.63353
11,2025-05-14 09:00:00,103200.0,103496.05,102875.22,103485.73,1191.70027
12,2025-05-14 10:00:00,103485.73,103929.32,103460.72,103708.49,704.389
13,2025-05-14 11:00:00,103708.5,104145.0,103708.5,103944.93,583.04021
14,2025-05-14 12:00:00,103944.93,104208.77,103907.45,103999.99,488.53049
15,2025-05-14 13:00:00,103999.99,104356.95,103492.06,103970.87,1907.26615
16,2025-05-14 14:00:00,103970.87,103971.88,102902.0,103265.46,1950.09622
17,2025-05-14 15:00:00,103265.47,103555.56,102833.55,103514.24,856.1516
18,2025-05-14 16:00:00,103514.24,103614.61,103173.55,103363.65,475.44971
19,2025-05-14 17:00:00,103363.66,103428.58,102602.05,103246.79,595.35133
20,2025-05-14 18:00:00,103246.78,103523.81,103029.45,103523.81,393.98215
21,2025-05-14 19:00:00,103523.8,103720.44,103243.0,103321.72,392.19365
22,2025-05-14 20:00:00,103321.73,103658.35,103304.66,103555.51,195.13432
23,2025-05-14 21:00:00,103555.52,103667.52,103434.55,103647.39,186.25436
24,2025-05-14 22:00:00,103647.39,103658.3,103430.63,103511.46,139.37207
25,2025-05-14 23:00:00,103511.46,103608.73,103357.77,103507.82,224.39068
26,2025-05-15 00:00:00,103507.83,103866.51,103492.06,103801.85,316.48566
27,2025-05-15 01:00:00,103801.85,103801.86,102968.16,103033.52,568.67212
28,2025-05-15 02:00:00,103033.51,103206.35,102916.05,103047.62,446.23075
29,2025-05-15 03:00:00,103047.62,103142.86,102720.0,102753.63,466.40868
30,2025-05-15 04:00:00,102753.62,102962.38,102711.0,102891.76,351.7693
31,2025-05-15 05:00:00,102891.76,102922.17,102336.7,102375.31,519.41864
32,2025-05-15 06:00:00,102375.31,102686.1,102140.0,102247.4,714.15222
33,2025-05-15 07:00:00,102247.41,102440.0,101724.17,101779.99,768.32213
34,2025-05-15 08:00:00,101779.99,102327.0,101758.97,102274.65,594.85241
35,2025-05-15 09:00:00,102274.65,102274.66,101500.0,101823.39,860.32483
36,2025-05-15 10:00:00,101823.4,101930.58,101600.0,101804.74,494.18425
37,2025-05-15 11:00:00,101804.75,102441.0,101790.2,102371.61,662.74555
38,2025-05-15 12:00:00,102371.62,102838.82,102271.58,102560.0,981.88637
39,2025-05-15 13:00:00,102560.01,102787.82,101569.84,102133.49,1037.21134
40,2025-05-15 14:00:00,102133.49,102398.31,101383.07,101987.65,1209.87624
41,2025-05-15 15:00:00,101987.64,103291.99,101931.86,103251.35,1083.57557
42,2025-05-15 16:00:00,103251.36,103847.13,103026.33,103846.27,1096.42524
43,2025-05-15 17:00:00,103846.28,104192.7,103650.79,103968.24,1311.32988
44,2025-05-15 18:00:00,103968.24,104012.49,102641.54,102697.31,1125.34279
45,2025-05-15 19:00:00,102697.31,103228.06,102552.35,103157.26,909.12835
46,2025-05-15 20:00:00,103157.26,103491.43,102884.6,103443.51,666.51008
47,2025-05-15 21:00:00,103443.51,103443.51,102708.46,103288.75,463.839
48,2025-05-15 22:00:00,103288.75,103980.84,103254.25,103492.06,660.25544
49,2025-05-15 23:00:00,103492.06,103893.73,103230.76,103763.71,690.0392
50,2025-05-16 00:00:00,103763.71,104033.9,103655.16,103764.81,805.5454
51,2025-05-16 01:00:00,103764.82,104108.9,103467.91,104047.61,842.64231
52,2025-05-16 02:00:00,104047.6,104466.01,103928.8,104199.8,1102.45583
53,2025-05-16 03:00:00,104199.8,104328.32,103988.18,104023.49,543.50598
54,2025-05-16 04:00:00,104023.49,104184.72,103816.6,103919.95,458.36015
55,2025-05-16 05:00:00,103919.96,104148.0,103833.64,103898.52,418.83888
56,2025-05-16 06:00:00,103898.52,104100.0,103860.32,103987.87,741.97708
57,2025-05-16 07:00:00,103987.87,104190.48,103694.18,103710.17,719.7843
58,2025-05-16 08:00:00,103710.17,103760.0,103100.49,103388.6,1261.58345
59,2025-05-16 09:00:00,103388.6,103820.0,103388.6,103793.65,824.12938
60,2025-05-16 10:00:00,103793.65,103886.01,103635.18,103796.91,509.73742
61,2025-05-16 11:00:00,103796.92,103900.0,103552.0,103651.71,523.12827
62,2025-05-16 12:00:00,103651.72,103768.51,103484.75,103506.07,387.69144
63,2025-05-16 13:00:00,103506.07,104099.88,103440.0,104007.98,976.52654
64,2025-05-16 14:00:00,104007.99,104007.99,103343.07,103578.7,943.56617
65,2025-05-16 15:00:00,103578.71,104286.0,103578.71,104183.33,1195.9957
66,2025-05-16 16:00:00,104183.32,104550.33,103837.82,104145.49,1228.2701
67,2025-05-16 17:00:00,104145.48,104396.28,103780.0,103867.96,430.37817
68,2025-05-16 18:00:00,103867.96,104094.9,103690.26,103691.55,420.24502
69,2025-05-16 19:00:00,103691.54,104047.62,103587.0,104032.6,273.94744
70,2025-05-16 20:00:00,104032.6,104032.6,103526.47,103692.48,285.67975
71,2025-05-16 21:00:00,103692.48,103791.94,103500.0,103612.0,249.10753
72,2025-05-16 22:00:00,103612.01,103613.02,103397.5,103521.96,344.55949
73,2025-05-16 23:00:00,103521.96,103690.18,103420.92,103463.9,196.22444
74,2025-05-17 00:00:00,103463.9,103539.69,103100.0,103360.01,743.27212
75,2025-05-17 01:00:00,103360.0,103360.01,102612.5,102829.57,901.79419
76,2025-05-17 02:00:00,102829.58,103357.6,102747.44,103286.01,650.39481
77,2025-05-17 03:00:00,103286.01,103600.0,103173.85,103508.48,563.37816
78,2025-05-17 04:00:00,103508.48,103666.67,103476.19,103658.05,336.48814
79,2025-05-17 05:00:00,103658.05,103709.86,103328.12,103342.79,224.58608
80,2025-05-17 06:00:00,103342.79,103500.0,103285.71,103487.95,413.82507
81,2025-05-17 07:00:00,103487.96,103640.14,103435.08,103451.14,344.02794
82,2025-05-17 08:00:00,103451.13,103568.58,103120.0,103426.06,685.20657
83,2025-05-17 09:00:00,103426.06,103549.92,102808.6,102896.59,1202.56724
84,2025-05-17 10:00:00,102896.59,103045.56,102822.64,102873.74,457.50752
85,2025-05-17 11:00:00,102873.74,103099.84,102753.67,102994.17,375.02021
86,2025-05-17 12:00:00,102994.18,103066.43,102892.38,102927.57,287.44977
87,2025-05-17 13:00:00,102927.58,103103.47,102640.02,102713.34,446.71269
88,2025-05-17 14:00:00,102713.33,103180.0,102707.72,103124.8,281.64444
89,2025-05-17 15:00:00,103124.8,103179.51,102936.0,102939.53,256.86045
90,2025-05-17 16:00:00,102939.52,103106.07,102761.9,102938.32,344.47339
91,2025-05-17 17:00:00,102938.32,103292.88,102928.8,103130.43,312.20248
92,2025-05-17 18:00:00,103130.43,103350.0,102956.52,102987.2,387.59976
93,2025-05-17 19:00:00,102987.21,103204.07,102928.3,103158.6,243.69127
94,2025-05-17 20:00:00,103158.6,103433.78,103081.71,103372.04,286.01224
95,2025-05-17 21:00:00,103372.03,103477.87,103121.62,103243.69,922.48164
96,2025-05-17 22:00:00,103243.68,103243.68,102900.72,103031.03,402.93806
97,2025-05-17 23:00:00,103031.03,103212.0,102950.23,103126.65,180.76198
98,2025-05-18 00:00:00,103126.65,103409.98,103105.09,103382.8,304.88823
99,2025-05-18 01:00:00,103382.81,103405.12,103134.49,103251.49,182.56775
100,2025-05-18 02:00:00,103251.49,103360.01,103240.69,103346.7,179.48635
101,2025-05-18 03:00:00,103346.7,103390.45,103140.32,103295.7,247.02287
102,2025-05-18 04:00:00,103295.7,103433.78,103295.69,103355.01,148.44304
103,2025-05-18 05:00:00,103355.01,103685.03,103355.01,103648.2,430.19855
104,2025-05-18 06:00:00,103648.2,103679.02,103368.36,103476.19,373.91732
105,2025-05-18 07:00:00,103476.2,103988.0,103443.45,103919.39,462.12182
106,2025-05-18 08:00:00,103919.39,104088.2,103819.43,103912.82,679.59538
107,2025-05-18 09:00:00,103912.82,104022.0,103845.23,103868.48,352.23621
108,2025-05-18 10:00:00,103868.48,103935.4,103800.0,103856.81,261.38595
109,2025-05-18 11:00:00,103856.8,103998.98,103800.0,103800.54,280.93869
110,2025-05-18 12:00:00,103800.55,103939.66,103701.4,103939.65,242.85227
111,2025-05-18 13:00:00,103939.65,104800.0,103900.02,104740.0,1284.7537
112,2025-05-18 14:00:00,104740.0,105548.0,104556.32,105270.97,2059.10483
113,2025-05-18 15:00:00,105270.98,105680.0,104970.03,105518.0,1395.79302
114,2025-05-18 16:00:00,105518.0,105980.0,105161.19,105822.22,1218.8757
115,2025-05-18 17:00:00,105822.22,105900.0,104836.66,104836.67,1282.22053
116,2025-05-18 18:00:00,104836.66,104923.17,103988.0,104498.0,1819.26717
117,2025-05-18 19:00:00,104498.01,104761.9,103851.01,103883.97,1074.99209
118,2025-05-18 20:00:00,103883.98,104240.0,103285.71,104053.05,1803.51574
119,2025-05-18 21:00:00,104053.05,104601.14,104053.04,104180.38,690.9858
120,2025-05-18 22:00:00,104180.37,105979.99,103963.63,105928.1,1453.37474
121,2025-05-18 23:00:00,105928.11,106660.0,105460.0,106454.26,3371.44951
122,2025-05-19 00:00:00,106454.27,107108.62,105165.44,105260.88,2492.11697
123,2025-05-19 01:00:00,105260.88,105416.67,104742.53,105059.97,980.73261
124,2025-05-19 02:00:00,105059.97,105192.17,104569.0,104645.15,1063.96715
125,2025-05-19 03:00:00,104645.15,104645.15,103534.47,103605.88,1293.59737
126,2025-05-19 04:00:00,103605.9,103779.99,102789.0,103002.07,2427.05534
127,2025-05-19 05:00:00,103002.07,103118.57,102513.87,103032.01,2036.68924
128,2025-05-19 06:00:00,103032.0,103195.67,102000.0,102208.0,2300.40217
129,2025-05-19 07:00:00,102208.01,103356.8,102173.91,103226.29,1134.89093
130,2025-05-19 08:00:00,103226.29,103357.6,102920.57,103233.9,710.15374
131,2025-05-19 09:00:00,103233.9,103425.53,102999.99,103061.61,802.4216
132,2025-05-19 10:00:00,103061.62,103090.07,102853.81,102915.5,640.39455
133,2025-05-19 11:00:00,102915.5,103067.83,102782.6,102963.41,530.36927
134,2025-05-19 12:00:00,102963.4,102963.41,102126.16,102479.95,1052.78618
135,2025-05-19 13:00:00,102479.94,103527.89,102321.83,103294.11,1554.6245
136,2025-05-19 14:00:00,103294.11,104369.0,103181.67,104328.11,1627.19129
137,2025-05-19 15:00:00,104328.11,104968.75,104266.14,104786.41,1837.22906
138,2025-05-19 16:00:00,104786.42,105435.49,104491.53,105356.44,1500.27726
139,2025-05-19 17:00:00,105356.43,105550.01,104940.77,105380.95,1283.57443
140,2025-05-19 18:00:00,105380.96,105561.76,104703.66,104778.98,937.18228
141,2025-05-19 19:00:00,104778.99,105549.99,104633.55,105517.7,782.3217
142,2025-05-19 20:00:00,105517.64,105788.87,105321.54,105468.0,683.47777
143,2025-05-19 21:00:00,105468.0,105514.79,105016.27,105474.67,768.70926
144,2025-05-19 22:00:00,105474.67,105644.41,105182.86,105549.92,1369.62548
145,2025-05-19 23:00:00,105549.92,105829.99,105455.57,105573.74,450.24509
146,2025-05-20 00:00:00,105573.73,106569.99,105554.31,105727.27,1899.74036
147,2025-05-20 01:00:00,105727.27,106789.58,105701.46,106450.0,1406.29767
148,2025-05-20 02:00:00,106450.01,106853.27,106000.0,106099.99,1168.64729
149,2025-05-20 03:00:00,106100.0,106180.75,105533.01,105761.92,1275.86795
150,2025-05-20 04:00:00,105761.92,106250.0,105545.45,106219.99,545.70991
151,2025-05-20 05:00:00,106220.0,106399.0,106067.36,106105.26,584.56364
152,2025-05-20 06:00:00,106105.26,106219.99,105381.02,105454.54,635.48643
153,2025-05-20 07:00:00,105454.55,105750.26,104928.44,105021.71,1269.79336
154,2025-05-20 08:00:00,105021.7,105249.11,104847.16,105223.01,675.94019
155,2025-05-20 09:00:00,105223.0,105390.13,105186.31,105285.72,581.83412
156,2025-05-20 10:00:00,105285.72,105416.66,105022.72,105030.65,583.62785
157,2025-05-20 11:00:00,105030.65,105348.67,104913.04,105203.76,485.14026
158,2025-05-20 12:00:00,105203.75,105203.76,104653.39,104780.0,621.85316
159,2025-05-20 13:00:00,104780.01,104869.57,104184.72,104448.04,1440.3694
160,2025-05-20 14:00:00,104448.04,104995.43,104304.34,104519.84,1054.37222
161,2025-05-20 15:00:00,104519.84,105391.27,104482.68,105333.68,683.10716
162,2025-05-20 16:00:00,105333.67,105523.81,105090.9,105212.49,599.25564
163,2025-05-20 17:00:00,105212.49,106336.37,105212.49,106200.31,1531.99175
164,2025-05-20 18:00:00,106200.32,106419.19,105234.04,105285.54,955.70004
165,2025-05-20 19:00:00,105285.53,107238.37,105220.0,107026.47,1970.3521
166,2025-05-20 20:00:00,107026.47,107320.0,106407.66,106909.09,1407.95263
167,2025-05-20 21:00:00,106909.09,107225.68,106132.09,106619.0,988.46204
168,2025-05-20 22:00:00,106619.0,106894.86,105935.83,106775.83,610.98393
169,2025-05-20 23:00:00,106775.83,107208.68,106637.5,106849.99,728.43365
170,2025-05-21 00:00:00,106850.0,107206.94,106459.8,106739.54,795.55996
171,2025-05-21 01:00:00,106739.55,107086.24,106426.0,106500.0,440.84568
172,2025-05-21 02:00:00,106500.0,106923.07,106186.79,106859.04,639.36986
173,2025-05-21 03:00:00,106859.05,107100.0,106748.69,106843.59,708.25056
174,2025-05-21 04:00:00,106843.6,107700.0,106742.85,107287.0,1515.58688
175,2025-05-21 05:00:00,107286.99,107718.68,107281.55,107542.0,1194.67386
176,2025-05-21 06:00:00,107542.01,107985.05,107294.63,107751.41,1335.30875
177,2025-05-21 07:00:00,107751.41,107855.49,106454.54,106527.16,1745.68293
178,2025-05-21 08:00:00,106527.17,106797.98,106347.05,106372.45,1022.17805
179,2025-05-21 09:00:00,106372.46,106523.81,106100.01,106200.03,796.53854
180,2025-05-21 10:00:00,106200.03,106450.0,106136.99,106328.57,551.73093
181,2025-05-21 11:00:00,106328.56,106741.71,106272.72,106546.44,611.6822
182,2025-05-21 12:00:00,106546.43,106920.21,106409.92,106573.11,789.95753
183,2025-05-21 13:00:00,106573.1,107662.08,106329.47,107244.76,1192.94496
184,2025-05-21 14:00:00,107244.75,109000.0,107009.06,108999.99,4814.02631
185,2025-05-21 15:00:00,108999.99,109458.0,108332.26,108973.35,4908.56569
186,2025-05-21 16:00:00,108973.34,109845.0,108701.54,109131.7,3551.89039
187,2025-05-21 17:00:00,109131.71,109343.01,106117.67,106592.79,6249.91547
188,2025-05-21 18:00:00,106592.8,107415.83,106317.0,106965.05,2576.43227
189,2025-05-21 19:00:00,106965.05,108857.19,106619.68,108603.79,2579.9617
190,2025-05-21 20:00:00,108603.79,108739.14,107725.0,108238.09,1238.80704
191,2025-05-21 21:00:00,108238.09,108560.34,107940.0,108414.64,776.08015
192,2025-05-21 22:00:00,108414.63,109028.25,108278.97,108739.36,789.45572
193,2025-05-21 23:00:00,108739.36,110797.38,108660.0,109643.99,4705.594915
194,2025-05-22 00:00:00,109643.99,110178.49,109177.37,109954.53,2147.46453
195,2025-05-22 01:00:00,109954.54,110576.7,109667.0,109920.68,1776.18943
196,2025-05-22 02:00:00,109920.69,110981.96,109822.58,110471.51,2116.54822
197,2025-05-22 03:00:00,110471.52,111880.0,110339.87,111780.84,2977.5295
198,2025-05-22 04:00:00,111780.84,111795.04,111234.4,111482.42,1845.93128
199,2025-05-22 05:00:00,111482.43,111672.32,110832.38,110879.99,2584.32531
200,2025-05-22 06:00:00,110880.0,111185.82,110478.26,110606.07,1507.16841
201,2025-05-22 07:00:00,110606.07,111139.71,110461.87,111045.45,1165.97838
202,2025-05-22 08:00:00,111045.45,111162.18,110381.46,110409.09,1178.49072
203,2025-05-22 09:00:00,110409.1,110840.0,110272.72,110821.3,1046.51732
204,2025-05-22 10:00:00,110821.3,110952.39,110601.0,110805.22,823.91343
205,2025-05-22 11:00:00,110805.23,111326.2,110500.0,110981.97,965.26641
206,2025-05-22 12:00:00,110981.98,111626.43,110804.72,111608.69,1598.01131
207,2025-05-22 13:00:00,111608.69,111625.75,110904.0,110914.49,1601.31192
208,2025-05-22 14:00:00,110914.49,111397.94,110550.0,110897.9,1686.01739
209,2025-05-22 15:00:00,110897.89,111529.72,110787.8,111290.86,1200.91956
210,2025-05-22 16:00:00,111290.85,111782.61,111087.25,111252.36,780.15322
211,2025-05-22 17:00:00,111252.36,111980.0,111168.03,111502.31,917.63574
212,2025-05-22 18:00:00,111502.32,111953.85,111379.22,111727.27,622.21825
213,2025-05-22 19:00:00,111727.28,111920.0,110916.4,111188.0,940.62549
214,2025-05-22 20:00:00,111188.0,111431.5,110831.52,111076.24,792.97237
215,2025-05-22 21:00:00,111076.24,111108.89,110763.27,110831.36,412.2136
216,2025-05-22 22:00:00,110831.36,111252.03,110831.36,111020.93,412.79621
217,2025-05-22 23:00:00,111020.93,111717.34,111020.92,111696.21,530.57513
218,2025-05-23 00:00:00,111696.22,111800.0,111382.97,111613.58,823.77218
219,2025-05-23 01:00:00,111613.58,111739.14,111201.86,111327.69,865.20204
220,2025-05-23 02:00:00,111327.69,111618.93,111193.9,111272.72,656.2768
221,2025-05-23 03:00:00,111272.73,111374.54,111000.13,111100.01,489.0438
222,2025-05-23 04:00:00,111100.0,111181.82,110547.98,110844.19,740.6573
223,2025-05-23 05:00:00,110844.19,110951.7,110658.72,110855.47,540.83274
224,2025-05-23 06:00:00,110855.47,110857.15,110407.89,110526.01,861.12423
225,2025-05-23 07:00:00,110526.01,110857.15,110523.8,110715.42,1083.90073
226,2025-05-23 08:00:00,110715.41,111030.12,110715.41,110935.24,525.4318
227,2025-05-23 09:00:00,110935.24,111381.61,110909.46,111335.02,588.81353
228,2025-05-23 10:00:00,111335.02,111335.02,110816.34,111061.24,428.14347
229,2025-05-23 11:00:00,111061.24,111092.5,108888.0,109076.35,2661.79754
230,2025-05-23 12:00:00,109076.36,109096.39,107316.0,108412.77,6557.04047
231,2025-05-23 13:00:00,108412.77,109714.7,107922.82,109634.99,3726.35919
232,2025-05-23 14:00:00,109634.99,109992.75,109505.0,109672.01,1726.66757
233,2025-05-23 15:00:00,109672.01,109850.02,108916.0,108940.0,1153.19085
234,2025-05-23 16:00:00,108940.0,109222.42,108001.0,109068.87,2275.39816
235,2025-05-23 17:00:00,109068.87,109809.53,109022.82,109413.03,1158.19809
236,2025-05-23 18:00:00,109413.02,109494.8,108654.82,108794.09,750.38683
237,2025-05-23 19:00:00,108794.09,109157.85,108605.12,108716.07,767.19773
238,2025-05-23 20:00:00,108714.01,108727.28,108186.55,108236.53,592.39199
239,2025-05-23 21:00:00,108236.53,108664.65,108055.0,108282.89,561.89055
240,2025-05-23 22:00:00,108282.89,108590.9,107638.96,107797.37,816.9094
241,2025-05-23 23:00:00,107797.37,107898.34,106800.0,107318.3,1387.0961
242,2025-05-24 00:00:00,107318.3,107680.83,106875.41,107366.68,926.99572
243,2025-05-24 01:00:00,107366.68,107875.66,107352.75,107479.24,437.55116
244,2025-05-24 02:00:00,107479.24,107900.11,107243.1,107803.84,383.40402
245,2025-05-24 03:00:00,107803.84,108367.54,107750.64,108366.3,573.36983
246,2025-05-24 04:00:00,108366.31,108582.33,108300.0,108485.07,403.76377
247,2025-05-24 05:00:00,108485.06,108530.73,108126.99,108235.68,437.82917
248,2025-05-24 06:00:00,108235.69,108342.53,107683.96,107959.99,682.2587
249,2025-05-24 07:00:00,107959.99,108227.27,107566.37,107587.75,458.42202
250,2025-05-24 08:00:00,107587.75,108285.39,107587.74,108251.23,520.00591
251,2025-05-24 09:00:00,108251.23,108434.0,108158.09,108161.69,467.30605
252,2025-05-24 10:00:00,108161.7,109258.94,108152.01,109094.99,2231.65558
253,2025-05-24 11:00:00,109094.99,109506.03,109094.99,109208.56,2198.07764
254,2025-05-24 12:00:00,109208.57,109282.81,108636.36,108776.63,1286.18727
255,2025-05-24 13:00:00,108776.63,108894.25,108540.0,108590.29,575.75967
256,2025-05-24 14:00:00,108590.28,109036.81,108590.28,108959.09,422.11246
257,2025-05-24 15:00:00,108959.1,109212.76,108819.12,108929.7,382.11963
258,2025-05-24 16:00:00,108929.71,109096.13,108682.36,108997.67,290.13693
259,2025-05-24 17:00:00,108997.68,109200.0,108882.35,108920.03,258.09912
260,2025-05-24 18:00:00,108920.03,109076.2,108781.54,108827.01,170.00615
261,2025-05-24 19:00:00,108827.0,109019.6,108800.0,108960.0,297.31317
262,2025-05-24 20:00:00,108960.0,109125.0,108863.63,108863.63,220.43889
263,2025-05-24 21:00:00,108863.63,108863.64,108580.11,108818.18,260.12572
264,2025-05-24 22:00:00,108818.18,108818.19,107977.67,108100.5,666.17978
265,2025-05-24 23:00:00,108100.5,108396.97,107500.0,107761.91,2233.41293
266,2025-05-25 00:00:00,107761.9,108130.44,107286.28,107443.9,1031.59929
267,2025-05-25 01:00:00,107443.9,108007.29,107206.0,107656.22,702.14525
268,2025-05-25 02:00:00,107656.21,108000.0,107480.29,107928.8,339.41198
269,2025-05-25 03:00:00,107928.8,108257.14,107923.6,108095.75,422.72429
270,2025-05-25 04:00:00,108095.76,108275.7,107941.96,108245.21,245.16657
271,2025-05-25 05:00:00,108245.21,108288.69,107972.02,108103.98,167.94588
272,2025-05-25 06:00:00,108103.99,108136.37,107687.21,107938.0,378.11797
273,2025-05-25 07:00:00,107938.0,107938.0,107454.54,107681.81,502.48123
274,2025-05-25 08:00:00,107681.82,107700.65,106926.14,107109.41,948.81757
275,2025-05-25 09:00:00,107109.4,107258.29,106708.98,107131.67,1082.98139
276,2025-05-25 10:00:00,107131.68,107390.89,106826.53,106946.4,780.43314
277,2025-05-25 11:00:00,106946.4,107272.73,106834.34,107260.0,587.12489
278,2025-05-25 12:00:00,107259.99,107625.0,107181.81,107530.57,799.16485
279,2025-05-25 13:00:00,107530.57,107743.34,107300.0,107521.75,446.62388
280,2025-05-25 14:00:00,107521.74,107653.68,107137.56,107355.0,701.7807
281,2025-05-25 15:00:00,107355.0,107420.98,106600.64,106967.97,3145.57829
282,2025-05-25 16:00:00,106967.97,107243.36,106640.52,107174.4,1428.32141
283,2025-05-25 17:00:00,107174.41,107374.38,107111.56,107363.37,232.07576
284,2025-05-25 18:00:00,107363.36,107600.0,107272.72,107413.34,187.95214
285,2025-05-25 19:00:00,107413.34,107940.95,107413.33,107717.01,255.5344
286,2025-05-25 20:00:00,107717.02,107754.24,107409.09,107677.35,360.39184
287,2025-05-25 21:00:00,107677.36,107914.44,107176.0,107466.7,314.15348
288,2025-05-25 22:00:00,107466.69,109200.0,107350.01,109166.0,1652.91716
289,2025-05-25 23:00:00,109165.99,109299.99,108570.16,109004.19,996.60359
290,2025-05-26 00:00:00,109004.2,109600.0,108670.58,109540.46,921.21434
291,2025-05-26 01:00:00,109540.45,109844.91,109224.0,109545.46,968.05223
292,2025-05-26 02:00:00,109545.45,109772.72,109172.36,109387.72,638.12107
293,2025-05-26 03:00:00,109387.73,109765.74,109273.51,109623.53,563.40876
294,2025-05-26 04:00:00,109623.54,109737.71,109510.58,109541.3,537.86277
295,2025-05-26 05:00:00,109541.31,109688.05,109365.29,109650.01,537.14753
296,2025-05-26 06:00:00,109650.0,109951.2,109519.4,109928.37,463.70135
297,2025-05-26 07:00:00,109928.37,110228.11,109728.37,110094.62,933.69745
298,2025-05-26 08:00:00,110094.62,110173.92,109606.32,109666.4,528.16161
299,2025-05-26 09:00:00,109666.39,109996.2,109600.0,109712.56,524.59189
300,2025-05-26 10:00:00,109712.56,109857.15,109571.42,109643.56,276.23009
301,2025-05-26 11:00:00,109643.55,109836.0,109556.69,109772.72,325.29275
302,2025-05-26 12:00:00,109772.73,110086.96,109666.66,109826.92,380.50527
303,2025-05-26 13:00:00,109826.91,109980.0,109494.74,109595.65,546.39868
304,2025-05-26 14:00:00,109595.64,109739.14,109499.92,109652.51,768.91932
305,2025-05-26 15:00:00,109652.51,110420.74,109529.57,110009.82,1417.39714
306,2025-05-26 16:00:00,110009.83,110422.22,109089.43,109391.37,1696.47921
307,2025-05-26 17:00:00,109391.37,109693.24,108871.21,109171.91,713.14566
308,2025-05-26 18:00:00,109171.9,109460.89,109010.97,109101.97,293.71183
309,2025-05-26 19:00:00,109101.96,109193.66,108858.28,109130.44,334.66026
310,2025-05-26 20:00:00,109130.44,109624.85,108940.0,109606.5,338.4709
311,2025-05-26 21:00:00,109606.5,109646.45,109136.36,109346.68,282.33947
312,2025-05-26 22:00:00,109346.68,109888.89,109173.91,109190.48,390.94918
313,2025-05-26 23:00:00,109190.47,109466.06,109057.74,109434.79,268.65717
314,2025-05-27 00:00:00,109434.78,109666.0,109128.72,109136.37,482.27371
315,2025-05-27 01:00:00,109136.37,109136.37,107516.57,108385.31,2302.30401
316,2025-05-27 02:00:00,108385.32,108697.94,107894.95,108272.72,818.93423
317,2025-05-27 03:00:00,108272.73,109298.43,108268.0,108892.16,1100.79535
318,2025-05-27 04:00:00,108892.15,109355.11,108863.63,108952.65,626.46795
319,2025-05-27 05:00:00,108952.64,108969.76,108550.0,108923.36,667.51791
320,2025-05-27 06:00:00,108923.36,109290.03,108826.08,108828.19,1335.64871
321,2025-05-27 07:00:00,108828.18,109636.37,108828.18,109547.16,710.52493
322,2025-05-27 08:00:00,109540.0,109777.77,109492.59,109695.65,567.33883
323,2025-05-27 09:00:00,109695.66,109899.0,109428.98,109830.25,615.70678
324,2025-05-27 10:00:00,109830.24,109852.0,109639.64,109698.57,253.14136
325,2025-05-27 11:00:00,109698.57,109783.53,109439.71,109585.49,450.26661
326,2025-05-27 12:00:00,109585.49,109826.91,109456.5,109603.02,434.51585
327,2025-05-27 13:00:00,109603.03,110718.0,109581.46,109837.26,2819.7582
328,2025-05-27 14:00:00,109837.26,110217.4,108670.29,109374.75,2073.92899
329,2025-05-27 15:00:00,109374.75,110240.83,109010.33,110140.11,1449.68899
330,2025-05-27 16:00:00,110140.11,110499.64,109956.03,110217.39,868.1346
331,2025-05-27 17:00:00,110217.4,110454.95,109968.0,110232.46,599.07105
332,2025-05-27 18:00:00,110232.46,110409.11,109828.92,109890.62,663.24539
333,2025-05-27 19:00:00,109890.62,110064.71,109574.46,109877.87,493.59702
334,2025-05-27 20:00:00,109877.87,109897.49,109551.69,109551.69,282.59269
335,2025-05-27 21:00:00,109551.69,109690.94,108824.85,108918.07,575.42749
336,2025-05-27 22:00:00,108918.08,109170.49,108600.0,109027.01,695.95406
337,2025-05-27 23:00:00,109027.0,109159.28,108919.24,108938.17,389.82164
338,2025-05-28 00:00:00,108938.17,109261.76,108665.18,109205.39,478.61482
339,2025-05-28 01:00:00,109205.39,109284.7,108624.33,108667.99,432.06306
340,2025-05-28 02:00:00,108667.99,108869.57,108400.0,108627.42,723.16256
341,2025-05-28 03:00:00,108627.41,108962.1,108569.09,108863.64,370.01313
342,2025-05-28 04:00:00,108863.64,109061.6,108624.43,108971.87,383.9071
343,2025-05-28 05:00:00,108971.87,109089.68,108841.57,109000.0,278.93308
344,2025-05-28 06:00:00,108999.99,109000.0,108636.36,108727.27,383.05025
345,2025-05-28 07:00:00,108727.28,109007.71,108720.0,108816.44,345.62936
346,2025-05-28 08:00:00,108816.44,109130.44,108602.9,109040.45,475.37342
347,2025-05-28 09:00:00,109040.45,109076.61,108507.23,108789.17,623.66656
348,2025-05-28 10:00:00,108789.17,108944.22,108258.01,108829.01,542.89413
349,2025-05-28 11:00:00,108829.0,108950.0,108719.89,108870.38,249.29417
350,2025-05-28 12:00:00,108870.39,109053.39,108784.27,108891.94,373.67089
351,2025-05-28 13:00:00,108891.94,108985.05,108010.0,108068.45,1104.53138
352,2025-05-28 14:00:00,108068.45,108253.03,107466.02,107522.72,2045.96247
353,2025-05-28 15:00:00,107522.71,107677.28,107045.45,107107.31,2226.89421
354,2025-05-28 16:00:00,107107.31,107457.59,107107.31,107420.0,629.26184
355,2025-05-28 17:00:00,107420.0,107832.38,107363.63,107679.01,886.65781
356,2025-05-28 18:00:00,107679.01,107842.29,107388.0,107476.55,436.1546
357,2025-05-28 19:00:00,107476.54,107798.14,106938.24,106946.01,805.61276
358,2025-05-28 20:00:00,106946.0,107403.82,106769.43,107318.18,518.47491
359,2025-05-28 21:00:00,107318.19,107575.56,107185.9,107495.74,307.12595
360,2025-05-28 22:00:00,107495.74,107495.74,107150.0,107400.73,296.55247
361,2025-05-28 23:00:00,107400.73,108043.95,107400.73,107781.78,716.28736
362,2025-05-29 00:00:00,107781.78,108297.87,107421.12,108285.32,732.1461
363,2025-05-29 01:00:00,108285.31,108347.78,107812.85,108156.23,977.95629
364,2025-05-29 02:00:00,108156.23,108484.61,107931.15,108426.94,690.46291
365,2025-05-29 03:00:00,108426.93,108430.76,107955.47,108044.88,611.48079
366,2025-05-29 04:00:00,108044.87,108106.94,106948.01,107564.44,1149.18527
367,2025-05-29 05:00:00,107564.44,107765.95,107492.36,107681.81,384.95323
368,2025-05-29 06:00:00,107681.81,107945.47,107643.18,107915.46,332.12973
369,2025-05-29 07:00:00,107915.46,108012.79,107752.54,107880.72,420.81581
370,2025-05-29 08:00:00,107880.73,108553.62,107681.81,108492.49,723.1397
371,2025-05-29 09:00:00,108492.5,108637.01,108320.0,108520.01,551.68067
372,2025-05-29 10:00:00,108520.01,108857.15,108381.76,108746.01,766.2731
373,2025-05-29 11:00:00,108746.01,108891.91,108666.09,108779.84,484.21621
374,2025-05-29 12:00:00,108779.83,108797.25,108375.71,108434.78,635.2207
375,2025-05-29 13:00:00,108434.78,108590.88,107430.56,107601.08,1476.99596
376,2025-05-29 14:00:00,107601.08,107835.33,106474.0,107622.54,2202.01745
377,2025-05-29 15:00:00,107622.53,107737.7,106955.91,107019.89,856.64056
378,2025-05-29 16:00:00,107019.9,107168.23,106570.99,106724.42,1143.70436
379,2025-05-29 17:00:00,106724.42,106889.39,106117.51,106303.6,1344.30205
380,2025-05-29 18:00:00,106303.6,106617.77,105804.87,105837.13,1056.11722
381,2025-05-29 19:00:00,105837.14,106090.45,105639.3,105731.74,1138.17489
382,2025-05-29 20:00:00,105731.74,106221.91,105729.02,106180.0,588.90778
383,2025-05-29 21:00:00,106180.0,106470.69,106099.41,106443.01,323.40615
384,2025-05-29 22:00:00,106443.02,106460.0,105906.65,105929.07,391.58161
385,2025-05-29 23:00:00,105929.08,106078.47,105322.86,105589.75,853.19262
386,2025-05-30 00:00:00,105589.75,106214.93,104600.5,104939.99,1835.85842
387,2025-05-30 01:00:00,104940.0,105925.92,104940.0,105666.66,1178.59954
388,2025-05-30 02:00:00,105666.67,106172.3,105650.0,106000.0,767.82001
389,2025-05-30 03:00:00,106000.01,106193.58,105913.35,106024.33,608.67187
390,2025-05-30 04:00:00,106024.33,106136.0,105904.76,106112.08,577.59911
391,2025-05-30 05:00:00,106112.08,106313.12,106018.79,106083.42,420.63382
392,2025-05-30 06:00:00,106083.43,106135.17,105535.07,105711.77,1083.16822
393,2025-05-30 07:00:00,105711.77,105850.0,104727.72,105028.02,2105.75378
394,2025-05-30 08:00:00,105028.03,105367.31,104841.42,105177.33,915.44822
395,2025-05-30 09:00:00,105177.34,105666.67,104606.01,105623.04,1181.32648
396,2025-05-30 10:00:00,105623.04,105938.44,105285.71,105925.06,845.87516
397,2025-05-30 11:00:00,105925.05,105981.75,105700.0,105880.51,520.93192
398,2025-05-30 12:00:00,105880.5,106000.0,105153.84,105684.96,1168.81206
399,2025-05-30 13:00:00,105684.95,105979.35,105366.14,105495.59,956.14556
400,2025-05-30 14:00:00,105495.6,105837.57,105047.61,105346.33,1209.39338
401,2025-05-30 15:00:00,105346.34,105831.0,105291.12,105543.0,842.00636
402,2025-05-30 16:00:00,105543.0,105560.98,103706.71,103898.75,2576.2408
403,2025-05-30 17:00:00,103898.75,104292.69,103836.03,104183.15,1096.10894
404,2025-05-30 18:00:00,104183.15,104914.02,104065.08,104891.99,839.08091
405,2025-05-30 19:00:00,104891.98,104988.97,104484.86,104640.5,691.96122
406,2025-05-30 20:00:00,104640.49,104846.13,104398.93,104580.0,400.3719
407,2025-05-30 21:00:00,104579.99,104878.05,104553.7,104631.59,288.73316
408,2025-05-30 22:00:00,104631.6,104804.32,103966.32,103966.33,658.81848
409,2025-05-30 23:00:00,103966.32,104260.0,103621.0,103985.48,937.13867
410,2025-05-31 00:00:00,103985.47,104292.69,103550.0,103957.33,931.10451
411,2025-05-31 01:00:00,103957.33,104195.13,103269.87,103476.61,1041.88047
412,2025-05-31 02:00:00,103476.6,103852.18,103102.59,103189.83,624.53338
413,2025-05-31 03:00:00,103189.83,103692.3,103068.55,103684.01,648.80769
414,2025-05-31 04:00:00,103684.0,103820.68,103487.99,103812.0,362.42657
415,2025-05-31 05:00:00,103812.0,103911.1,103519.74,103538.94,459.85245
416,2025-05-31 06:00:00,103538.93,103903.54,103530.64,103862.52,275.22705
417,2025-05-31 07:00:00,103862.52,103862.52,103633.35,103747.02,327.26511
418,2025-05-31 08:00:00,103747.03,103809.51,103513.84,103648.32,300.058
419,2025-05-31 09:00:00,103648.32,103737.49,103482.55,103538.01,296.10498
420,2025-05-31 10:00:00,103538.02,103599.36,103285.71,103410.0,386.05919
421,2025-05-31 11:00:00,103410.01,103523.81,103311.32,103498.18,479.80598
422,2025-05-31 12:00:00,103498.17,104033.96,103480.11,104033.96,728.70156
423,2025-05-31 13:00:00,104033.95,104200.0,103978.0,104117.3,624.03528
424,2025-05-31 14:00:00,104117.31,104583.48,104117.3,104573.92,795.27913
425,2025-05-31 15:00:00,104573.91,104846.15,104443.39,104556.08,714.30044
426,2025-05-31 16:00:00,104556.08,104780.49,104400.0,104490.57,495.10689
427,2025-05-31 17:00:00,104490.56,104619.05,104261.39,104349.06,343.45658
428,2025-05-31 18:00:00,104349.06,104619.05,104349.05,104487.81,165.7009
429,2025-05-31 19:00:00,104487.81,104750.0,104487.8,104698.02,233.47406
430,2025-05-31 20:00:00,104698.03,104807.94,104533.54,104781.83,150.05341
431,2025-05-31 21:00:00,104781.84,104884.16,104645.73,104863.16,317.26216
432,2025-05-31 22:00:00,104863.16,104900.0,104603.08,104625.8,228.10691
433,2025-05-31 23:00:00,104625.79,104840.0,104473.2,104591.88,360.75652
434,2025-06-01 00:00:00,104591.88,104647.11,104320.02,104446.49,293.78295
435,2025-06-01 01:00:00,104446.49,104505.58,103991.37,104126.07,466.13267
436,2025-06-01 02:00:00,104126.08,104324.21,103924.52,104195.12,313.34738
437,2025-06-01 03:00:00,104195.13,104464.1,103971.7,104381.03,259.25466
438,2025-06-01 04:00:00,104381.03,104729.99,104360.9,104633.16,272.61866
439,2025-06-01 05:00:00,104633.16,104714.29,104450.0,104536.57,214.06083
440,2025-06-01 06:00:00,104536.57,104536.58,104195.12,104258.93,257.26107
441,2025-06-01 07:00:00,104258.93,104370.38,104202.48,104275.95,191.3218
442,2025-06-01 08:00:00,104275.95,104386.6,104220.7,104386.6,247.34836
443,2025-06-01 09:00:00,104386.6,104459.07,103752.49,103934.34,679.61906
444,2025-06-01 10:00:00,103934.35,104040.52,103773.69,103930.99,302.13053
445,2025-06-01 11:00:00,103930.98,104152.24,103845.46,104082.68,286.47453
446,2025-06-01 12:00:00,104082.67,104190.48,103783.01,103956.26,354.08075
447,2025-06-01 13:00:00,103956.25,104424.64,103951.61,104259.2,323.14616
448,2025-06-01 14:00:00,104259.19,104773.59,104259.19,104599.7,782.69419
449,2025-06-01 15:00:00,104599.7,104809.53,104502.99,104715.1,409.06118
450,2025-06-01 16:00:00,104715.1,105299.21,104659.47,105038.8,1174.8504
451,2025-06-01 17:00:00,105038.8,105192.99,104986.2,105066.33,319.00519
452,2025-06-01 18:00:00,105066.34,105066.34,104319.79,104900.01,575.5374
453,2025-06-01 19:00:00,104900.01,105156.73,104805.44,105121.94,361.59685
454,2025-06-01 20:00:00,105121.95,105300.0,104893.72,104948.91,324.69341
455,2025-06-01 21:00:00,104948.91,105504.67,104926.82,105496.54,414.58616
456,2025-06-01 22:00:00,105496.54,105737.84,105414.63,105512.18,474.08063
457,2025-06-01 23:00:00,105512.17,105866.91,105466.39,105642.93,413.01524
458,2025-06-02 00:00:00,105642.93,105735.42,105404.31,105427.48,432.43804
459,2025-06-02 01:00:00,105427.48,105658.38,105349.63,105388.59,368.13444
460,2025-06-02 02:00:00,105388.58,105414.64,105019.05,105026.98,500.23301
461,2025-06-02 03:00:00,105026.97,105055.1,104571.42,104829.27,586.76964
462,2025-06-02 04:00:00,104829.27,104997.06,104700.03,104765.48,262.60797
463,2025-06-02 05:00:00,104765.48,104918.04,104610.13,104833.79,244.85997
464,2025-06-02 06:00:00,104833.79,105266.87,104732.38,105162.38,470.58034
465,2025-06-02 07:00:00,105162.39,105438.87,105162.38,105387.67,346.57956
466,2025-06-02 08:00:00,105387.67,105935.63,105241.18,105328.43,705.16393
467,2025-06-02 09:00:00,105328.43,105335.99,104483.64,104585.36,998.9363
468,2025-06-02 10:00:00,104585.37,104660.0,104254.71,104370.85,704.18464
469,2025-06-02 11:00:00,104370.85,104487.82,103941.0,104047.64,725.6249
470,2025-06-02 12:00:00,104047.63,104281.98,103862.5,104200.32,696.19227
471,2025-06-02 13:00:00,104200.32,104570.57,103700.0,103800.0,1053.66155
472,2025-06-02 14:00:00,103799.99,104679.25,103659.88,104176.62,1127.64518
473,2025-06-02 15:00:00,104176.61,104565.32,103905.1,104438.79,580.0461
474,2025-06-02 16:00:00,104438.79,104450.01,104030.01,104286.06,501.02384
475,2025-06-02 17:00:00,104286.06,104490.57,104095.23,104399.89,372.61381
476,2025-06-02 18:00:00,104399.89,104731.95,104200.0,104361.54,367.55001
477,2025-06-02 19:00:00,104361.54,104510.96,104050.96,104425.63,339.8615
478,2025-06-02 20:00:00,104425.64,104995.93,104425.64,104878.62,440.97656
479,2025-06-02 21:00:00,104878.61,105096.66,104575.37,104942.0,303.58011
480,2025-06-02 22:00:00,104941.99,105800.0,104941.99,105695.49,784.02023
481,2025-06-02 23:00:00,105695.5,105931.44,105575.47,105857.99,540.70423
482,2025-06-03 00:00:00,105858.0,106400.0,105747.14,106285.72,752.61041
483,2025-06-03 01:00:00,106285.72,106488.0,106110.53,106481.75,485.1048
484,2025-06-03 02:00:00,106481.76,106500.0,105577.36,105612.46,691.63486
485,2025-06-03 03:00:00,105612.47,105712.72,105340.18,105482.02,441.33737
486,2025-06-03 04:00:00,105482.03,105513.02,105116.2,105166.92,433.84543
487,2025-06-03 05:00:00,105166.93,105472.1,105166.92,105452.08,465.42429
488,2025-06-03 06:00:00,105452.09,105463.19,105218.0,105429.67,497.04209
489,2025-06-03 07:00:00,105429.67,105438.02,105161.84,105170.75,412.13809
490,2025-06-03 08:00:00,105170.76,105245.29,104872.5,105094.93,579.75676
491,2025-06-03 09:00:00,105094.93,105284.74,105067.74,105198.11,353.4813
492,2025-06-03 10:00:00,105198.12,105343.01,105146.99,105280.99,376.17348
493,2025-06-03 11:00:00,105281.0,105349.94,105173.87,105287.24,272.00092
494,2025-06-03 12:00:00,105287.24,105425.38,105224.25,105307.94,404.97079
495,2025-06-03 13:00:00,105307.94,105666.67,105031.6,105421.55,737.70303
496,2025-06-03 14:00:00,105421.54,106692.43,105150.94,106550.01,1681.31099
497,2025-06-03 15:00:00,106550.01,106794.67,106333.33,106610.66,1120.18715
498,2025-06-03 16:00:00,106610.66,106666.67,105800.0,105817.63,798.97951
499,2025-06-03 17:00:00,105817.63,106142.86,105758.25,105943.98,392.12835
500,2025-06-03 18:00:00,105943.99,106047.62,105592.17,106013.15,412.4498
501,2025-06-03 19:00:00,106013.15,106428.58,106013.15,106238.81,403.87736
502,2025-06-03 20:00:00,106238.81,106254.92,105353.5,105738.69,512.78907
503,2025-06-03 21:00:00,105738.7,105847.71,105274.95,105367.93,366.43282
504,2025-06-03 22:00:00,105367.92,105902.93,105308.0,105743.74,299.07218
505,2025-06-03 23:00:00,105743.74,105743.74,105266.02,105376.89,369.07549
506,2025-06-04 00:00:00,105376.9,105524.96,105132.27,105476.2,493.99756
507,2025-06-04 01:00:00,105476.2,105740.0,105422.59,105592.9,442.93676
508,2025-06-04 02:00:00,105592.9,105839.63,105415.09,105476.22,250.94227
509,2025-06-04 03:00:00,105476.22,105745.29,105444.32,105519.27,280.68523
510,2025-06-04 04:00:00,105519.26,105611.96,105404.25,105407.05,264.21374
511,2025-06-04 05:00:00,105407.06,105549.03,105340.66,105354.14,1117.59375
512,2025-06-04 06:00:00,105354.14,105436.64,105250.0,105301.02,613.5989
513,2025-06-04 07:00:00,105301.03,105469.0,105264.23,105320.75,247.91386
514,2025-06-04 08:00:00,105320.75,105585.45,105320.75,105435.93,351.33591
515,2025-06-04 09:00:00,105435.93,105919.26,105329.54,105825.31,986.00175
516,2025-06-04 10:00:00,105825.31,106000.0,105650.96,105705.13,390.95549
517,2025-06-04 11:00:00,105705.13,105820.04,105080.26,105084.36,2112.4711
518,2025-06-04 12:00:00,105084.36,105157.27,104794.5,105039.19,887.65828
519,2025-06-04 13:00:00,105039.2,105272.3,104720.0,104761.17,633.64563
520,2025-06-04 14:00:00,104761.17,105045.79,104179.0,105033.3,1446.2321
521,2025-06-04 15:00:00,105033.3,105542.0,104928.65,105298.27,938.94287
522,2025-06-04 16:00:00,105298.26,105464.85,105094.0,105445.89,468.85884
523,2025-06-04 17:00:00,105445.9,105483.14,104963.64,105051.1,399.33188
524,2025-06-04 18:00:00,105051.11,105300.0,104920.01,104951.54,301.21483
525,2025-06-04 19:00:00,104951.54,105079.99,104865.25,104913.52,282.68857
526,2025-06-04 20:00:00,104913.52,104959.64,104407.16,104609.87,484.36457
527,2025-06-04 21:00:00,104609.88,105045.79,104549.83,104930.61,304.21199
528,2025-06-04 22:00:00,104930.61,105034.91,104744.18,104775.36,158.79559
529,2025-06-04 23:00:00,104775.37,104864.5,104625.15,104696.86,176.30335
530,2025-06-05 00:00:00,104696.86,104976.75,104651.16,104976.74,242.65293
531,2025-06-05 01:00:00,104976.75,105155.55,104697.84,104774.92,288.56241
532,2025-06-05 02:00:00,104774.92,105240.84,104774.92,104989.48,396.55703
533,2025-06-05 03:00:00,104989.48,105064.95,104880.2,105047.15,198.77038
534,2025-06-05 04:00:00,105047.15,105226.14,105032.95,105173.71,182.6561
535,2025-06-05 05:00:00,105173.72,105189.22,104570.43,104649.23,673.16476
536,2025-06-05 06:00:00,104649.22,104696.73,104380.0,104452.93,416.36718
537,2025-06-05 07:00:00,104452.94,104636.46,104424.52,104518.05,321.50806
538,2025-06-05 08:00:00,104518.05,104681.28,104424.52,104675.36,277.44002
539,2025-06-05 09:00:00,104675.36,104920.0,104675.35,104900.0,298.63026
540,2025-06-05 10:00:00,104900.0,104900.01,104517.43,104659.24,304.88123
541,2025-06-05 11:00:00,104659.25,104847.52,104551.64,104827.8,180.80524
542,2025-06-05 12:00:00,104827.79,105776.99,104790.69,105649.59,1029.99302
543,2025-06-05 13:00:00,105649.6,105909.71,104303.64,104527.0,1449.94992
544,2025-06-05 14:00:00,104527.0,104927.79,103900.0,104639.2,1874.15172
545,2025-06-05 15:00:00,104639.21,104871.31,104330.18,104531.49,713.68921
546,2025-06-05 16:00:00,104531.5,104598.87,103258.0,103262.53,1390.7435
547,2025-06-05 17:00:00,103262.54,103581.4,103140.0,103240.04,962.55375
548,2025-06-05 18:00:00,103240.04,103354.56,102581.56,103006.05,1385.84959
549,2025-06-05 19:00:00,103006.04,103036.91,101596.62,101914.77,2448.38476
550,2025-06-05 20:00:00,101914.76,102171.44,100372.26,100483.91,3383.41936
551,2025-06-05 21:00:00,100483.92,101658.17,100428.0,101542.82,2188.11746
552,2025-06-05 22:00:00,101542.82,101707.77,101029.46,101502.61,949.97233
553,2025-06-05 23:00:00,101502.61,101835.7,101488.37,101508.68,762.68132
554,2025-06-06 00:00:00,101508.69,101907.0,101095.8,101900.77,874.39109
555,2025-06-06 01:00:00,101900.77,101944.89,101681.77,101841.2,378.25915
556,2025-06-06 02:00:00,101841.19,102208.28,101535.61,102203.52,725.19187
557,2025-06-06 03:00:00,102203.53,102520.0,102056.23,102493.3,774.57977
558,2025-06-06 04:00:00,102493.3,102799.23,102387.38,102777.0,593.0447
559,2025-06-06 05:00:00,102777.01,102954.24,102683.22,102954.24,461.43449
560,2025-06-06 06:00:00,102954.23,103210.06,102896.1,103160.0,638.68853
561,2025-06-06 07:00:00,103160.0,103468.66,103050.9,103150.44,585.47496
562,2025-06-06 08:00:00,103150.44,103589.0,103150.43,103510.25,492.04854
563,2025-06-06 09:00:00,103510.25,103750.0,103510.24,103643.98,621.57206
564,2025-06-06 10:00:00,103643.99,103800.0,103553.31,103676.25,580.32136
565,2025-06-06 11:00:00,103676.24,103991.45,103643.78,103927.99,524.28446
566,2025-06-06 12:00:00,103927.99,104300.0,103513.7,103753.27,1382.8038
567,2025-06-06 13:00:00,103753.26,104529.65,103753.26,104098.84,950.84579
568,2025-06-06 14:00:00,104098.84,104880.88,104004.83,104776.7,991.71953
569,2025-06-06 15:00:00,104776.7,105333.0,104616.12,105092.28,1335.00321
570,2025-06-06 16:00:00,105092.28,105284.0,104708.08,104758.27,1057.7328
571,2025-06-06 17:00:00,104758.28,104975.47,104390.18,104922.14,761.7073
572,2025-06-06 18:00:00,104922.14,104982.38,104475.93,104497.69,373.48505
573,2025-06-06 19:00:00,104497.69,104601.87,104013.21,104219.8,569.98192
574,2025-06-06 20:00:00,104219.8,104617.56,104167.98,104478.07,332.96273
575,2025-06-06 21:00:00,104478.07,104488.38,104300.0,104386.29,362.2665
576,2025-06-06 22:00:00,104386.29,104485.91,104232.55,104476.81,240.44272
577,2025-06-06 23:00:00,104476.82,104487.28,104193.32,104288.44,230.83152
578,2025-06-07 00:00:00,104288.43,104511.69,103871.09,104511.69,440.68115
579,2025-06-07 01:00:00,104511.68,104567.89,104348.83,104453.56,211.2017
580,2025-06-07 02:00:00,104453.55,104611.68,104328.18,104531.57,266.07012
581,2025-06-07 03:00:00,104531.58,104910.77,104484.52,104871.58,482.21131
582,2025-06-07 04:00:00,104871.59,104880.32,104643.62,104819.99,263.09442
583,2025-06-07 05:00:00,104820.0,105000.0,104751.16,104877.36,292.29171
584,2025-06-07 06:00:00,104877.37,105319.0,104788.31,105316.37,409.73016
585,2025-06-07 07:00:00,105316.36,105319.13,104834.27,104867.04,343.94832
586,2025-06-07 08:00:00,104867.03,104966.69,104689.81,104746.44,233.72481
587,2025-06-07 09:00:00,104746.44,104942.02,104746.43,104848.09,208.46137
588,2025-06-07 10:00:00,104848.09,105198.58,104840.29,105145.84,355.28954
589,2025-06-07 11:00:00,105145.83,105264.0,105050.04,105150.01,382.87799
590,2025-06-07 12:00:00,105150.01,105702.99,105150.0,105465.21,1059.92731
591,2025-06-07 13:00:00,105465.22,105800.0,105309.56,105610.52,478.46327
592,2025-06-07 14:00:00,105610.53,105688.4,105394.48,105431.61,394.99404
593,2025-06-07 15:00:00,105431.61,105577.18,105316.98,105558.11,264.34496
594,2025-06-07 16:00:00,105558.11,105666.66,105279.06,105350.68,279.15265
595,2025-06-07 17:00:00,105350.68,105558.62,105350.0,105393.21,183.64973
596,2025-06-07 18:00:00,105393.21,105884.46,105393.2,105599.99,712.93146
597,2025-06-07 19:00:00,105599.99,105871.33,105599.99,105725.91,360.31008
598,2025-06-07 20:00:00,105725.91,105900.0,105725.9,105846.98,192.22857
599,2025-06-07 21:00:00,105846.98,105865.43,105707.39,105764.64,139.73285
600,2025-06-07 22:00:00,105764.63,105900.0,105664.0,105820.51,179.8611
601,2025-06-07 23:00:00,105820.52,105820.52,105534.88,105552.15,209.75344
602,2025-06-08 00:00:00,105552.15,105654.95,105441.86,105473.21,278.41728
603,2025-06-08 01:00:00,105473.22,105786.33,105400.57,105690.33,312.19485
604,2025-06-08 02:00:00,105690.32,105690.33,105441.86,105441.87,301.18228
605,2025-06-08 03:00:00,105441.86,105500.0,105394.03,105471.59,192.88835
606,2025-06-08 04:00:00,105471.59,105636.53,105408.38,105614.38,151.52478
607,2025-06-08 05:00:00,105614.37,105653.13,105412.76,105438.34,148.53573
608,2025-06-08 06:00:00,105438.34,105599.32,105432.96,105442.87,155.65979
609,2025-06-08 07:00:00,105442.88,105556.15,105410.23,105426.45,167.34238
610,2025-06-08 08:00:00,105426.46,105495.99,105367.88,105373.81,192.70501
611,2025-06-08 09:00:00,105373.82,105405.8,105075.51,105140.01,497.00351
612,2025-06-08 10:00:00,105140.0,105481.24,104964.14,105357.64,605.7311
613,2025-06-08 11:00:00,105357.64,105720.94,105357.63,105686.71,376.57336
614,2025-06-08 12:00:00,105686.71,105773.6,105520.25,105721.5,711.6709
615,2025-06-08 13:00:00,105721.5,106160.19,105577.36,105627.9,891.02348
616,2025-06-08 14:00:00,105627.9,105910.17,105577.36,105829.66,258.38147
617,2025-06-08 15:00:00,105829.66,106095.85,105818.18,105984.52,339.9057
618,2025-06-08 16:00:00,105984.53,106320.77,105943.91,106189.99,430.6459
619,2025-06-08 17:00:00,106190.0,106360.0,106081.59,106082.95,300.0469
620,2025-06-08 18:00:00,106082.95,106325.59,106020.46,106317.7,214.12634
621,2025-06-08 19:00:00,106317.71,106335.9,106180.85,106289.99,155.14719
622,2025-06-08 20:00:00,106289.99,106319.92,106118.72,106147.66,273.99242
623,2025-06-08 21:00:00,106147.65,106488.14,106147.65,106331.92,236.61843
624,2025-06-08 22:00:00,106331.92,106360.85,105674.7,105770.55,441.89266
625,2025-06-08 23:00:00,105770.55,105775.99,105545.71,105734.0,414.85324
626,2025-06-09 00:00:00,105734.01,105966.33,105581.44,105706.34,642.30292
627,2025-06-09 01:00:00,105706.34,105740.9,105427.53,105527.71,390.41065
628,2025-06-09 02:00:00,105527.71,105724.76,105475.48,105560.89,237.10673
629,2025-06-09 03:00:00,105560.9,105700.37,105318.37,105659.13,525.2294
630,2025-06-09 04:00:00,105659.14,105717.3,105428.02,105449.21,501.62589
631,2025-06-09 05:00:00,105449.21,105522.87,105325.6,105379.11,319.63601
632,2025-06-09 06:00:00,105379.12,105692.84,105319.0,105692.83,454.58589
633,2025-06-09 07:00:00,105692.84,105692.84,105500.0,105560.71,194.49207
634,2025-06-09 08:00:00,105560.71,105949.09,105473.57,105926.39,461.1018
635,2025-06-09 09:00:00,105926.4,106888.0,105832.0,106612.52,1140.00074
636,2025-06-09 10:00:00,106612.53,107464.77,106565.3,107179.7,1524.82298
637,2025-06-09 11:00:00,107179.7,107806.0,107146.18,107759.21,1299.03104
638,2025-06-09 12:00:00,107759.21,107990.0,107540.22,107750.39,875.21201
639,2025-06-09 13:00:00,107750.39,107893.4,106860.0,107026.47,1035.50084
640,2025-06-09 14:00:00,107026.48,108000.0,107026.48,107610.33,1005.76983
641,2025-06-09 15:00:00,107610.32,108020.0,107522.79,107635.91,627.93587
642,2025-06-09 16:00:00,107635.91,108127.16,107635.91,107697.51,895.91837
643,2025-06-09 17:00:00,107697.52,108422.28,107659.35,108337.56,661.80863
644,2025-06-09 18:00:00,108337.57,108552.44,108284.5,108446.18,521.19201
645,2025-06-09 19:00:00,108446.18,108767.24,108339.68,108564.72,610.54706
646,2025-06-09 20:00:00,108565.86,108736.19,108456.08,108706.74,326.05236
647,2025-06-09 21:00:00,108706.74,110530.17,108706.73,109973.75,3520.02143
648,2025-06-09 22:00:00,109973.74,110420.0,109734.92,110177.28,1243.72377
649,2025-06-09 23:00:00,110177.28,110313.99,109866.18,110263.02,961.34621
650,2025-06-10 00:00:00,110263.02,110311.82,109909.54,109913.91,893.59303
651,2025-06-10 01:00:00,109913.91,109953.98,109648.29,109788.57,524.96936
652,2025-06-10 02:00:00,109788.58,109788.58,109381.24,109650.94,568.91009
653,2025-06-10 03:00:00,109650.95,109684.89,109382.38,109568.02,369.14727
654,2025-06-10 04:00:00,109568.03,109649.98,109366.0,109528.55,369.49008
655,2025-06-10 05:00:00,109528.55,109737.68,109200.0,109310.49,529.37516
656,2025-06-10 06:00:00,109310.49,109650.0,109161.0,109502.68,427.51687
657,2025-06-10 07:00:00,109502.69,109517.16,109095.67,109205.14,990.69176
658,2025-06-10 08:00:00,109205.14,109415.1,109056.9,109082.65,522.59315
659,2025-06-10 09:00:00,109082.65,109521.84,109065.14,109508.78,615.65872
660,2025-06-10 10:00:00,109508.78,109573.3,109275.43,109303.61,324.81871
661,2025-06-10 11:00:00,109303.61,109851.8,109199.81,109541.28,881.83399
662,2025-06-10 12:00:00,109541.93,109700.0,109415.62,109697.76,554.16291
663,2025-06-10 13:00:00,109697.75,109900.81,108888.88,109305.28,1408.6638
664,2025-06-10 14:00:00,109305.28,109332.45,108468.29,108620.01,1840.47344
665,2025-06-10 15:00:00,108620.0,109199.99,108331.03,109015.42,1443.70766
666,2025-06-10 16:00:00,109015.41,109251.41,108690.59,108720.61,536.4776
667,2025-06-10 17:00:00,108720.61,109064.06,108616.68,108711.37,359.45497
668,2025-06-10 18:00:00,108711.37,109480.67,108518.86,109282.38,477.70957
669,2025-06-10 19:00:00,109282.38,110400.0,109282.37,109526.3,1266.2179
670,2025-06-10 20:00:00,109526.3,110018.07,109239.68,109960.0,609.61756
671,2025-06-10 21:00:00,109960.01,110000.0,109420.0,109863.07,453.96715
672,2025-06-10 22:00:00,109863.06,110181.1,109610.4,109727.87,482.13147
673,2025-06-10 23:00:00,109727.88,110299.73,109600.0,110274.39,620.64617
674,2025-06-11 00:00:00,110274.39,110274.4,109780.0,109825.54,496.67292
675,2025-06-11 01:00:00,109825.55,109832.94,109565.1,109605.53,388.64877
676,2025-06-11 02:00:00,109605.53,109858.22,109533.97,109677.03,257.11312
677,2025-06-11 03:00:00,109677.03,109858.23,109622.03,109722.95,251.1783
678,2025-06-11 04:00:00,109722.95,109735.24,109552.68,109562.75,173.09706
679,2025-06-11 05:00:00,109562.75,109650.59,109430.38,109468.03,198.18742
680,2025-06-11 06:00:00,109468.04,109679.24,109373.67,109595.01,322.84155
681,2025-06-11 07:00:00,109595.02,109745.29,109446.73,109446.74,306.34832
682,2025-06-11 08:00:00,109446.74,109675.69,109446.73,109576.02,413.74462
683,2025-06-11 09:00:00,109576.03,109603.57,109233.62,109269.83,579.74506
684,2025-06-11 10:00:00,109269.82,109468.67,109200.0,109373.12,390.96093
685,2025-06-11 11:00:00,109373.13,109391.75,109193.89,109252.09,249.30459
686,2025-06-11 12:00:00,109252.1,109927.04,109008.82,109714.87,1297.31517
687,2025-06-11 13:00:00,109714.87,109900.0,109301.42,109684.0,948.34709
688,2025-06-11 14:00:00,109684.0,110392.01,109650.94,109866.69,1345.14543
689,2025-06-11 15:00:00,109866.69,110042.9,109660.72,109735.7,808.45996
690,2025-06-11 16:00:00,109735.7,109815.84,109341.79,109439.38,689.45368
691,2025-06-11 17:00:00,109439.38,109768.85,108964.16,108984.72,724.99224
692,2025-06-11 18:00:00,108984.72,109072.91,108412.01,108807.25,963.32708
693,2025-06-11 19:00:00,108807.25,108960.0,108576.0,108742.37,459.75917
694,2025-06-11 20:00:00,108742.37,109001.5,108480.0,108906.44,360.27215
695,2025-06-11 21:00:00,108906.45,109219.51,108367.94,108508.18,462.92455
696,2025-06-11 22:00:00,108508.17,108633.38,108064.0,108443.38,692.16947
697,2025-06-11 23:00:00,108443.38,108691.87,108324.0,108645.12,335.90773
698,2025-06-12 00:00:00,108645.13,108813.55,108326.55,108705.99,394.62489
699,2025-06-12 01:00:00,108706.0,108706.0,108258.49,108515.99,531.45564
700,2025-06-12 02:00:00,108515.99,108759.0,108390.34,108400.52,897.03762
701,2025-06-12 03:00:00,108400.52,108448.03,107730.0,107860.05,1933.71635
702,2025-06-12 04:00:00,107860.04,107917.41,107320.0,107765.12,841.46439
703,2025-06-12 05:00:00,107765.13,107922.43,107593.67,107746.91,355.94523
704,2025-06-12 06:00:00,107746.91,107993.58,107640.33,107909.02,438.0718
705,2025-06-12 07:00:00,107909.02,107961.01,107438.65,107633.53,702.19948
706,2025-06-12 08:00:00,107633.53,107835.83,107440.13,107731.67,406.91931
707,2025-06-12 09:00:00,107731.67,107771.55,107488.95,107507.35,309.4496
708,2025-06-12 10:00:00,107507.35,107518.85,107200.0,107323.16,521.81989
709,2025-06-12 11:00:00,107323.16,107349.31,106874.47,106900.95,628.23956
710,2025-06-12 12:00:00,106900.95,107431.82,106870.0,106988.54,763.31238
711,2025-06-12 13:00:00,106988.55,107198.75,106600.0,107070.8,920.69916
712,2025-06-12 14:00:00,107070.8,107721.17,107070.8,107612.69,862.27021
713,2025-06-12 15:00:00,107612.7,107822.5,106890.88,107020.95,655.00365
714,2025-06-12 16:00:00,107020.96,107858.32,106985.38,107744.71,562.58066
715,2025-06-12 17:00:00,107744.7,108450.16,107702.42,108287.4,769.24972
716,2025-06-12 18:00:00,108287.4,108419.21,107229.47,107561.35,522.24144
717,2025-06-12 19:00:00,107561.36,107879.92,106680.0,106788.8,704.93602
718,2025-06-12 20:00:00,106789.8,106960.77,105772.73,105973.62,2315.98411
719,2025-06-12 21:00:00,105973.61,106430.39,105860.9,105894.31,679.88503
720,2025-06-12 22:00:00,105894.32,106225.4,105726.65,105890.7,576.44703
721,2025-06-12 23:00:00,105890.69,106140.0,105671.72,105671.73,485.11901
722,2025-06-13 00:00:00,105671.74,105694.0,103213.87,103797.81,5330.14891
723,2025-06-13 01:00:00,103797.81,103938.59,102664.31,103773.65,3550.75225
724,2025-06-13 02:00:00,103773.65,103976.64,103065.58,103641.21,1362.18578
725,2025-06-13 03:00:00,103641.2,104590.0,103605.12,104277.22,1292.28749
726,2025-06-13 04:00:00,104277.22,104506.36,103782.75,104404.52,700.3376
727,2025-06-13 05:00:00,104404.52,104450.0,104000.0,104002.25,650.15589
728,2025-06-13 06:00:00,104002.26,104722.5,103825.11,104704.26,812.26154
729,2025-06-13 07:00:00,104704.27,104970.12,104376.43,104895.0,1192.2614
730,2025-06-13 08:00:00,104895.01,105434.34,104690.85,104739.45,1404.55532
731,2025-06-13 09:00:00,104739.44,104916.0,104500.0,104830.36,688.51868
732,2025-06-13 10:00:00,104830.36,104925.1,104425.79,104874.01,531.07719
733,2025-06-13 11:00:00,104874.0,105045.79,104640.0,105039.48,522.51084
734,2025-06-13 12:00:00,105039.48,105290.14,104822.36,104852.29,768.82163
735,2025-06-13 13:00:00,104852.28,105300.0,104674.14,104732.44,853.87525
736,2025-06-13 14:00:00,104732.82,105011.76,104118.0,104970.74,1137.70532
737,2025-06-13 15:00:00,104970.74,105747.47,104860.0,105436.87,1140.75299
738,2025-06-13 16:00:00,105436.87,105981.0,105308.83,105783.66,1087.38893
739,2025-06-13 17:00:00,105783.65,105783.65,104867.65,105390.94,775.10222
740,2025-06-13 18:00:00,105390.94,105480.0,104668.73,105193.04,631.03278
741,2025-06-13 19:00:00,105193.04,105436.9,104900.0,105110.0,457.01476
742,2025-06-13 20:00:00,105110.01,105508.34,105020.87,105424.0,385.01118
743,2025-06-13 21:00:00,105424.0,105788.79,105326.41,105612.59,270.63672
744,2025-06-13 22:00:00,105612.58,105840.0,105542.0,105751.28,221.74081
745,2025-06-13 23:00:00,105751.29,106179.53,105751.28,106066.59,414.68186
746,2025-06-14 00:00:00,106066.59,106252.0,105703.61,105826.32,1271.508
747,2025-06-14 01:00:00,105826.32,105826.33,105440.0,105470.35,1198.12686
748,2025-06-14 02:00:00,105470.35,105611.67,105312.88,105374.17,288.65282
749,2025-06-14 03:00:00,105374.18,105440.0,105197.96,105228.82,259.19985
750,2025-06-14 04:00:00,105228.83,105397.06,105212.09,105371.07,216.26058
751,2025-06-14 05:00:00,105371.08,105397.06,105233.95,105288.3,205.15438
752,2025-06-14 06:00:00,105288.3,105321.82,105105.13,105105.13,221.23119
753,2025-06-14 07:00:00,105105.14,105144.57,104792.98,105076.59,360.03462
754,2025-06-14 08:00:00,105076.59,105132.36,104871.06,105095.03,215.34556
755,2025-06-14 09:00:00,105095.04,105110.15,104850.54,104862.26,253.37215
756,2025-06-14 10:00:00,104862.26,105117.07,104836.06,105011.92,145.57424
757,2025-06-14 11:00:00,105011.92,105096.0,104948.38,105082.01,172.47595
758,2025-06-14 12:00:00,105082.01,105100.0,104745.1,105053.63,267.44126
759,2025-06-14 13:00:00,105053.64,105131.25,104902.28,105017.41,263.02313
760,2025-06-14 14:00:00,105017.41,105060.42,104841.96,104913.01,157.82263
761,2025-06-14 15:00:00,104913.01,104983.05,104615.38,104841.3,356.85346
762,2025-06-14 16:00:00,104841.29,104900.0,104359.5,104457.85,672.80896
763,2025-06-14 17:00:00,104457.84,104721.53,104404.9,104608.17,342.50861
764,2025-06-14 18:00:00,104608.18,104995.72,104359.08,104892.81,351.26848
765,2025-06-14 19:00:00,104892.82,105045.78,104630.19,104645.67,320.70643
766,2025-06-14 20:00:00,104645.66,104991.0,104300.0,104894.29,372.96357
767,2025-06-14 21:00:00,104894.3,105458.71,104867.14,105315.54,414.26935
768,2025-06-14 22:00:00,105315.55,105480.0,105289.45,105428.74,222.42456
769,2025-06-14 23:00:00,105428.75,105480.0,105348.81,105414.64,249.91305
770,2025-06-15 00:00:00,105414.63,105663.98,105264.75,105643.99,328.94394
771,2025-06-15 01:00:00,105643.99,105680.0,105410.5,105421.03,196.2376
772,2025-06-15 02:00:00,105421.03,105624.0,105421.03,105481.02,132.30823
773,2025-06-15 03:00:00,105481.03,105566.22,105463.54,105473.55,101.92751
774,2025-06-15 04:00:00,105473.54,105563.04,105473.54,105559.68,100.97805
775,2025-06-15 05:00:00,105559.69,106100.0,105507.65,106073.94,290.03365
776,2025-06-15 06:00:00,106073.95,106128.57,105410.43,105440.69,690.48683
777,2025-06-15 07:00:00,105440.7,105453.46,105200.0,105428.0,300.03128
778,2025-06-15 08:00:00,105428.0,105482.4,105134.69,105197.19,259.58184
779,2025-06-15 09:00:00,105197.18,105197.19,104867.64,104915.15,370.65353
780,2025-06-15 10:00:00,104915.15,105188.96,104915.14,105119.99,230.53887
781,2025-06-15 11:00:00,105119.99,105162.51,104915.14,104970.51,196.37895
782,2025-06-15 12:00:00,104970.51,105296.0,104955.48,105289.81,257.28037
783,2025-06-15 13:00:00,105289.81,105660.31,105220.65,105515.97,350.85804
784,2025-06-15 14:00:00,105515.97,105838.24,105308.82,105657.64,336.0044
785,2025-06-15 15:00:00,105657.63,105794.12,105539.0,105564.0,301.25817
786,2025-06-15 16:00:00,105563.99,105687.74,105332.0,105567.24,329.84918
787,2025-06-15 17:00:00,105567.24,105777.09,105476.4,105689.64,194.07613
788,2025-06-15 18:00:00,105689.65,105689.65,105472.0,105485.29,157.31009
789,2025-06-15 19:00:00,105485.29,105566.43,105082.97,105294.19,294.74223
790,2025-06-15 20:00:00,105294.19,105300.0,104600.13,104729.53,453.57123
791,2025-06-15 21:00:00,104729.53,104828.94,104494.53,104807.75,477.5022
792,2025-06-15 22:00:00,104807.75,105359.96,104734.42,105263.51,432.23208
793,2025-06-15 23:00:00,105263.52,105617.82,105226.79,105594.01,381.41607
794,2025-06-16 00:00:00,105594.02,105769.85,105352.94,105429.32,422.15418
795,2025-06-16 01:00:00,105429.32,105885.0,104980.37,105815.08,559.26238
796,2025-06-16 02:00:00,105815.09,105970.59,105684.46,105785.51,435.10541
797,2025-06-16 03:00:00,105785.51,105966.0,105708.93,105921.84,263.51613
798,2025-06-16 04:00:00,105921.85,106396.3,105874.48,106386.0,656.51068
799,2025-06-16 05:00:00,106386.0,106785.71,106312.33,106559.98,595.46163
800,2025-06-16 06:00:00,106559.99,106777.38,106510.61,106586.01,445.28877
801,2025-06-16 07:00:00,106586.0,107262.31,106586.0,107061.8,1080.95051
802,2025-06-16 08:00:00,107061.8,107242.92,106954.47,107180.0,486.60178
803,2025-06-16 09:00:00,107180.0,107255.01,106863.98,106945.86,789.42833
804,2025-06-16 10:00:00,106945.86,107200.0,106744.66,106834.32,436.77622
805,2025-06-16 11:00:00,106834.33,106976.75,106582.25,106883.99,436.11918
806,2025-06-16 12:00:00,106884.0,106900.0,106600.0,106690.47,352.59083
807,2025-06-16 13:00:00,106690.47,107172.11,106495.09,107160.06,556.73469
808,2025-06-16 14:00:00,107160.06,107784.26,106787.99,107533.5,1083.59008
809,2025-06-16 15:00:00,107533.5,107715.4,107307.81,107424.96,545.4424
810,2025-06-16 16:00:00,107424.96,107906.98,107309.15,107765.99,671.1767
811,2025-06-16 17:00:00,107765.99,108017.98,107627.9,107755.0,586.42985
812,2025-06-16 18:00:00,107755.01,108278.0,107686.56,108255.96,494.51232
813,2025-06-16 19:00:00,108255.97,108888.0,108255.96,108652.0,996.00646
814,2025-06-16 20:00:00,108652.01,108849.77,108428.0,108782.68,565.88847
815,2025-06-16 21:00:00,108782.68,108817.0,108321.45,108513.1,363.37911
816,2025-06-16 22:00:00,108513.1,108952.38,107418.24,107700.01,1124.54821
817,2025-06-16 23:00:00,107700.01,107982.63,106700.0,106794.53,975.19108
818,2025-06-17 00:00:00,106794.53,107262.31,106115.35,107238.63,1478.91948
819,2025-06-17 01:00:00,107238.68,107399.0,106930.23,107173.51,437.59004
820,2025-06-17 02:00:00,107173.51,107600.0,106572.07,107482.39,551.95383
821,2025-06-17 03:00:00,107482.4,107771.34,107364.89,107590.41,557.48911
822,2025-06-17 04:00:00,107590.41,107711.06,107303.01,107333.64,324.27105
823,2025-06-17 05:00:00,107333.64,107403.99,107040.0,107122.02,467.39075
824,2025-06-17 06:00:00,107122.01,107234.94,106724.0,106832.91,387.2144
825,2025-06-17 07:00:00,106832.92,106879.48,106481.6,106758.52,518.07804
826,2025-06-17 08:00:00,106758.52,106822.78,106484.89,106568.06,362.87139
827,2025-06-17 09:00:00,106568.06,106655.82,106069.55,106160.57,707.9622
828,2025-06-17 10:00:00,106160.58,106248.43,105721.29,105956.01,798.36423
829,2025-06-17 11:00:00,105956.01,105956.01,105508.23,105641.47,539.34753
830,2025-06-17 12:00:00,105641.48,105862.03,105420.0,105507.0,548.13287
831,2025-06-17 13:00:00,105506.99,105754.05,105200.0,105349.27,715.74499
832,2025-06-17 14:00:00,105349.28,105694.42,104777.48,104847.33,1268.55694
833,2025-06-17 15:00:00,104847.33,104968.69,104130.95,104241.63,1775.82912
834,2025-06-17 16:00:00,104241.62,104484.97,103500.01,103630.67,1788.59454
835,2025-06-17 17:00:00,103630.67,104250.0,103371.02,103814.01,1318.17143
836,2025-06-17 18:00:00,103814.0,104414.85,103626.05,104414.84,582.53411
837,2025-06-17 19:00:00,104414.84,105336.82,104414.83,104686.12,1030.66661
838,2025-06-17 20:00:00,104686.12,104898.81,104262.88,104362.39,631.39909
839,2025-06-17 21:00:00,104362.39,104822.31,104252.33,104552.58,424.96971
840,2025-06-17 22:00:00,104552.59,104731.61,104203.85,104228.31,339.43238
841,2025-06-17 23:00:00,104228.31,104730.77,104228.31,104551.17,310.84641
842,2025-06-18 00:00:00,104551.17,104857.14,104379.52,104842.78,396.62544
843,2025-06-18 01:00:00,104842.78,105176.61,104680.0,104776.92,347.92348
844,2025-06-18 02:00:00,104776.92,105099.99,104695.82,104856.06,299.75201
845,2025-06-18 03:00:00,104856.06,105240.0,104849.13,105184.84,302.08543
846,2025-06-18 04:00:00,105184.84,105504.67,105074.25,105447.39,286.6217
847,2025-06-18 05:00:00,105447.53,105550.27,105375.05,105423.5,448.33108
848,2025-06-18 06:00:00,105423.51,105527.88,104859.18,104966.2,578.89056
849,2025-06-18 07:00:00,104966.19,105000.9,104713.24,104973.24,445.08193
850,2025-06-18 08:00:00,104973.24,105310.62,104756.33,104949.9,393.96563
851,2025-06-18 09:00:00,104949.91,105142.0,104565.0,104697.03,323.45218
852,2025-06-18 10:00:00,104697.02,104797.06,104175.87,104266.19,531.68147
853,2025-06-18 11:00:00,104266.18,104858.8,104192.46,104840.59,651.35695
854,2025-06-18 12:00:00,104840.58,104908.49,104474.81,104514.0,615.40924
855,2025-06-18 13:00:00,104513.99,104550.92,103814.04,104439.81,1121.40671
856,2025-06-18 14:00:00,104439.82,105325.83,104228.3,104619.88,1418.42072
857,2025-06-18 15:00:00,104619.87,104973.79,104150.13,104801.01,869.2412
858,2025-06-18 16:00:00,104801.01,104836.64,104334.78,104426.93,509.29545
859,2025-06-18 17:00:00,104426.93,104508.0,103615.33,104331.83,918.22252
860,2025-06-18 18:00:00,104332.0,104706.08,103586.0,103623.39,1023.7841
861,2025-06-18 19:00:00,103623.39,104437.7,103500.0,103808.41,839.17523
862,2025-06-18 20:00:00,103808.41,104988.88,103652.0,104822.33,628.82425
863,2025-06-18 21:00:00,104822.34,105139.87,104378.62,105085.5,574.55745
864,2025-06-18 22:00:00,105085.49,105138.0,104794.41,104815.23,257.38438
865,2025-06-18 23:00:00,104815.23,104956.74,104630.09,104886.78,187.15256
866,2025-06-19 00:00:00,104886.79,105226.17,104680.41,104944.06,534.37997
867,2025-06-19 01:00:00,104944.06,104964.02,104466.16,104599.25,386.57688
868,2025-06-19 02:00:00,104599.25,105000.64,104457.12,104722.51,325.08223
869,2025-06-19 03:00:00,104722.5,105114.45,104722.5,105100.02,233.06599
870,2025-06-19 04:00:00,105100.01,105111.37,104803.98,105073.52,300.10136
871,2025-06-19 05:00:00,105073.52,105220.0,104819.62,104892.86,274.94947
872,2025-06-19 06:00:00,104892.86,104989.34,104630.89,104707.94,280.44541
873,2025-06-19 07:00:00,104707.95,104848.49,104617.69,104642.85,276.76135
874,2025-06-19 08:00:00,104642.85,104986.13,104631.26,104746.12,291.39146
875,2025-06-19 09:00:00,104746.11,105030.0,104729.83,104994.0,284.66266
876,2025-06-19 10:00:00,104994.0,105073.53,104843.7,104913.19,199.62218
877,2025-06-19 11:00:00,104913.19,104913.2,104720.1,104776.23,173.90893
878,2025-06-19 12:00:00,104776.23,104917.05,104663.77,104752.6,249.90189
879,2025-06-19 13:00:00,104752.61,104785.15,104244.11,104283.33,413.67121
880,2025-06-19 14:00:00,104283.33,104690.47,104109.06,104148.6,435.78555
881,2025-06-19 15:00:00,104148.61,104443.94,104078.0,104096.93,496.14025
882,2025-06-19 16:00:00,104096.94,104425.15,103933.33,104001.13,377.21937
883,2025-06-19 17:00:00,104001.13,104814.73,103929.27,104521.31,684.04339
884,2025-06-19 18:00:00,104521.32,104694.01,104294.09,104392.53,296.18725
885,2025-06-19 19:00:00,104392.54,104464.29,104126.98,104250.44,266.773
886,2025-06-19 20:00:00,104250.45,104496.0,104150.0,104266.82,161.1343
887,2025-06-19 21:00:00,104266.83,104413.66,104228.53,104332.45,176.53959
888,2025-06-19 22:00:00,104332.45,104774.32,104332.45,104596.29,323.86777
889,2025-06-19 23:00:00,104596.29,104898.31,104463.56,104658.59,236.39591
890,2025-06-20 00:00:00,104658.59,104820.0,104563.25,104692.74,238.6379
891,2025-06-20 01:00:00,104692.74,104797.06,104391.38,104778.5,179.3014
892,2025-06-20 02:00:00,104778.5,104800.0,104496.5,104628.0,378.45556
893,2025-06-20 03:00:00,104628.0,104700.0,104511.0,104596.63,230.06249
894,2025-06-20 04:00:00,104596.64,104600.0,104238.02,104258.59,233.22018
895,2025-06-20 05:00:00,104258.59,104585.99,104258.59,104584.68,326.07738
896,2025-06-20 06:00:00,104584.68,104769.25,104584.68,104719.86,234.96044
897,2025-06-20 07:00:00,104719.86,105825.66,104648.46,105811.74,1083.81217
898,2025-06-20 08:00:00,105811.74,106524.65,105780.76,105959.68,1568.80558
899,2025-06-20 09:00:00,105959.68,106078.85,105757.48,105940.58,475.74806
900,2025-06-20 10:00:00,105940.57,106172.06,105829.18,105958.87,509.44809
901,2025-06-20 11:00:00,105958.87,106075.14,105801.09,105977.82,308.78491
902,2025-06-20 12:00:00,105977.82,106107.69,105876.01,105982.89,249.32596
903,2025-06-20 13:00:00,105982.9,106149.17,105361.62,105674.0,755.45526
904,2025-06-20 14:00:00,105673.99,105795.39,103888.0,103940.01,1538.46329
905,2025-06-20 15:00:00,103940.01,104623.34,103888.0,104217.99,1125.6248
906,2025-06-20 16:00:00,104218.0,104269.64,103620.01,103670.61,1250.51824
907,2025-06-20 17:00:00,103670.61,103761.84,102345.0,103279.26,2746.51433
908,2025-06-20 18:00:00,103279.26,103428.5,103037.25,103165.45,792.98471
909,2025-06-20 19:00:00,103165.44,103495.72,103010.41,103307.22,437.48107
910,2025-06-20 20:00:00,103307.21,103828.0,103300.11,103693.5,712.51715
911,2025-06-20 21:00:00,103693.51,103719.99,103353.06,103532.0,311.76605
912,2025-06-20 22:00:00,103531.99,103532.0,102980.0,103107.11,435.1464
913,2025-06-20 23:00:00,103107.12,103339.99,102963.67,103297.99,295.95141
914,2025-06-21 00:00:00,103297.98,103339.99,103127.48,103248.07,202.14606
915,2025-06-21 01:00:00,103248.06,103515.37,103137.86,103515.36,263.84601
916,2025-06-21 02:00:00,103515.36,103538.6,103377.44,103499.98,139.14418
917,2025-06-21 03:00:00,103499.99,103691.67,103495.87,103495.87,145.59786
918,2025-06-21 04:00:00,103495.86,103531.97,103333.0,103384.98,129.74868
919,2025-06-21 05:00:00,103384.99,103487.0,103343.0,103421.21,115.82266
920,2025-06-21 06:00:00,103421.21,103599.04,103330.0,103572.69,164.9677
921,2025-06-21 07:00:00,103572.69,103572.69,103360.02,103458.5,276.07214
922,2025-06-21 08:00:00,103458.5,103830.48,103458.49,103826.03,335.53724
923,2025-06-21 09:00:00,103826.03,103933.33,103653.14,103843.37,387.02991
924,2025-06-21 10:00:00,103843.37,103982.64,103767.77,103831.22,298.42441
925,2025-06-21 11:00:00,103831.22,103929.99,103724.13,103874.64,167.57049
926,2025-06-21 12:00:00,103874.63,103946.47,103786.61,103807.7,151.86969
927,2025-06-21 13:00:00,103807.7,103866.98,103534.62,103572.29,272.41367
928,2025-06-21 14:00:00,103572.29,103776.0,103382.97,103549.99,497.84934
929,2025-06-21 15:00:00,103550.0,103680.0,103281.82,103560.9,527.14166
930,2025-06-21 16:00:00,103560.9,103640.0,103449.1,103486.01,208.22464
931,2025-06-21 17:00:00,103486.01,103589.2,103174.12,103182.98,342.68316
932,2025-06-21 18:00:00,103182.98,103423.21,102633.45,102645.22,616.44824
933,2025-06-21 19:00:00,102645.22,102757.22,102210.43,102245.1,1198.04823
934,2025-06-21 20:00:00,102245.11,102888.88,102206.0,102782.08,454.58904
935,2025-06-21 21:00:00,102782.09,102836.0,101110.0,101455.61,1921.95689
936,2025-06-21 22:00:00,101455.61,102000.0,101446.74,101772.96,652.3887
937,2025-06-21 23:00:00,101772.97,102322.41,100837.9,102120.01,1684.69272
938,2025-06-22 00:00:00,102120.02,103399.62,101839.96,102852.0,1871.90453
939,2025-06-22 01:00:00,102852.0,103005.37,102237.37,102387.0,887.90565
940,2025-06-22 02:00:00,102387.01,102884.0,101885.98,102347.64,1115.38093
941,2025-06-22 03:00:00,102347.63,102600.0,102127.34,102375.4,464.71771
942,2025-06-22 04:00:00,102375.4,102786.38,102256.01,102548.15,383.4842
943,2025-06-22 05:00:00,102548.14,102919.46,102548.14,102853.89,414.14625
944,2025-06-22 06:00:00,102853.89,102946.47,102692.87,102744.36,318.23622
945,2025-06-22 07:00:00,102744.36,102750.0,102269.18,102424.61,365.86442
946,2025-06-22 08:00:00,102424.61,102712.34,102318.04,102712.34,353.70287
947,2025-06-22 09:00:00,102712.34,102804.05,102080.0,102199.99,564.4597
948,2025-06-22 10:00:00,102199.99,102532.44,102150.0,102495.69,394.55689
949,2025-06-22 11:00:00,102495.68,102760.5,102428.69,102739.48,488.58739
950,2025-06-22 12:00:00,102739.47,102831.0,102584.36,102759.98,502.02446
951,2025-06-22 13:00:00,102759.97,102810.28,100268.75,100865.66,3718.17394
952,2025-06-22 14:00:00,100865.66,101239.06,99066.36,99628.28,5962.78508
953,2025-06-22 15:00:00,99628.29,99826.34,98889.35,98906.21,2239.60197
954,2025-06-22 16:00:00,98906.21,99689.66,98673.66,99667.17,1941.29236
955,2025-06-22 17:00:00,99667.17,100380.0,99407.98,99480.0,1314.03627
956,2025-06-22 18:00:00,99480.01,99777.61,99350.34,99437.42,497.41061
957,2025-06-22 19:00:00,99437.42,99453.75,98800.0,98882.84,666.66278
958,2025-06-22 20:00:00,98882.85,99760.0,98200.0,99536.0,1553.47813
959,2025-06-22 21:00:00,99536.0,99667.01,99004.72,99173.83,581.67969
960,2025-06-22 22:00:00,99173.83,100980.06,99140.0,100980.05,1447.49104
961,2025-06-22 23:00:00,100980.05,101034.65,100645.88,100963.87,698.82763
962,2025-06-23 00:00:00,100963.87,101620.0,100494.25,100904.6,1456.49465
963,2025-06-23 01:00:00,100904.6,101109.87,100564.19,101101.64,510.13988
964,2025-06-23 02:00:00,101101.65,101399.37,100930.2,101301.2,558.46691
965,2025-06-23 03:00:00,101301.2,101370.68,101073.32,101154.14,405.1221
966,2025-06-23 04:00:00,101154.13,101314.46,100980.0,101167.99,476.00651
967,2025-06-23 05:00:00,101168.0,101890.0,101167.99,101771.02,654.30154
968,2025-06-23 06:00:00,101771.01,102064.69,101645.47,101940.27,858.16211
969,2025-06-23 07:00:00,101940.28,102137.0,101748.31,101931.04,520.59927
970,2025-06-23 08:00:00,101931.04,102080.0,101746.61,101881.37,611.15349
971,2025-06-23 09:00:00,101881.38,101881.38,101389.09,101567.66,744.83165
972,2025-06-23 10:00:00,101567.66,101577.01,101198.68,101463.21,457.66095
973,2025-06-23 11:00:00,101463.22,101562.19,101102.76,101289.01,713.87442
974,2025-06-23 12:00:00,101289.0,101684.7,101112.06,101684.7,534.10819
975,2025-06-23 13:00:00,101684.7,102480.06,100792.16,102354.14,1686.21308
976,2025-06-23 14:00:00,102354.15,102613.09,101496.0,101624.39,1515.43225
977,2025-06-23 15:00:00,101624.39,102060.25,101301.2,101420.7,715.91148
978,2025-06-23 16:00:00,101420.71,101453.35,99613.33,100692.1,2500.92801
979,2025-06-23 17:00:00,100692.1,102690.0,100500.22,102484.02,2504.13624
980,2025-06-23 18:00:00,102484.02,103300.0,102387.72,102933.78,1726.1708
981,2025-06-23 19:00:00,102933.77,103230.76,102676.94,103161.29,765.13745
982,2025-06-23 20:00:00,103161.3,103915.5,102880.0,103739.99,1393.77246
983,2025-06-23 21:00:00,103740.0,104214.28,103624.19,103705.52,1054.87886
984,2025-06-23 22:00:00,103705.52,106074.2,103697.06,105538.19,4047.63551
985,2025-06-23 23:00:00,105538.17,105665.05,105115.65,105333.93,1255.36828
986,2025-06-24 00:00:00,105333.94,105500.0,104909.69,105132.59,875.43152
987,2025-06-24 01:00:00,105132.59,105499.99,104966.99,105450.76,601.29109
988,2025-06-24 02:00:00,105450.75,105450.75,104729.69,104753.8,857.70174
989,2025-06-24 03:00:00,104753.8,105127.94,104720.82,104919.6,547.71821
990,2025-06-24 04:00:00,104919.6,104959.24,104704.91,104826.14,328.91534
991,2025-06-24 05:00:00,104826.13,105426.48,104826.13,105396.54,800.95842
992,2025-06-24 06:00:00,105396.54,105811.0,105244.84,105655.23,1003.25722
993,2025-06-24 07:00:00,105655.23,105777.0,104900.0,104933.74,1025.84889
994,2025-06-24 08:00:00,104933.74,105167.24,104622.02,104996.77,869.69249
995,2025-06-24 09:00:00,104996.78,105571.4,104968.25,105198.98,541.75908
996,2025-06-24 10:00:00,105198.99,105351.0,105069.23,105281.99,340.65394
997,2025-06-24 11:00:00,105281.98,105428.03,105001.6,105170.0,464.75889
998,2025-06-24 12:00:00,105169.99,105306.54,104968.43,105205.47,430.49812
999,2025-06-24 13:00:00,105205.47,105295.79,105073.2,105289.69,122.30829
